$ANSIBLE_VAULT;1.1;AES256
39313031383631633034333161666430633530613266613639336331333539643138623466396565
6430343731636664303562333165383661393231663762340a333465366562346566386435393963
63363039633866616261303834613963326232613832373130303366343962643838633566343534
3638396362353737300a636534343831386531366238306534666330616138623431613463666136
62643730316464643265303765613264393361373434663166313638366163393933626263316330
35653063326238343236396130353363303333666365366637373761323035633766653737323738
39616135346137666238383033376263323130613361633135636236396633353562303261373264
33333065396436306530633966303463333336386135616238626530363633386365623134653231
63393562303438623932663261633663333730633437393234306538373564386363336136333862
65346262613830366331313239633135636263376161306161643736653865623230663836373764
64393665613766663566323161643936306561613235306366656261303964663361363434393532
64653132613138393963363564616161633534323132643962386639383561303561326638393735
37663230333830373532303638616533373163323365666433653437333635303963643766633936
65643930616663613865323433343432663237323163393165393265396265343065303938663165
63396436626261323361633730363161663237326465353339386261356163313563313535653333
63666166656431383565356264383636303438343033663338393764666635306639633330383338
34613034613735393433326136366133616632626266386561663261313835346438353963666334
36646636336438326362363931646462316436616537336662376430363865323330346435383731
39376139323965373066646333386231316336383164323033323434316635376233333330333538
38636632323337306464393235353936656166393466646636393365646530663036626362626536
32653939613762323863386362396436623862323338353231393738313433366338333435326133
37323666323530643336353038666638643333353739393331333965666634373662646436303237
36616562323961633261636338373634633336616636303036373232356637363161316333386537
33396564636266313763373936643565343439303636656332333039623437376437356436663363
63626665653737383738653362356665356563646237613630356466396635396632306535366635
36316133623464623934613666306139313133386530616563373264626362393232663831646262
36356664333361303037363932636262383732396466366436326339386432313734336630623332
33656237663738306632623564663730646466646365363863306261383666396463663965613564
33363133356133336364363934623263613633636333623733613530333930396232353661386466
61333439623231646534646438376563613232363932383131663831653036303437316264363262
38376432316464633364373836343434393262623830633764356235613338363336373837393465
38303166646339373966653034306536386266663430326437343333363839356231666238636231
66636433643232326639633637656236346530623861626133376237326334323165643264613938
36343363336266633262666534323537613930643863643230623939666638383638373662363361
34303963633435333463343164393365336135323636656564383235333339326231626239316361
63386633313331326132383366393366323338656238613762613766656366333934353430303238
35343234336634316162366639316335313463373462666537373366326133396338653231356330
36656232336366646561656561613961393137616536316535373661373432323465343164333636
65653934383834353738663835656638663138623461333965616164383830396238373538366535
39376536616663663637386234613233376539336532353963646234346361366664323037323635
35303531383865636135643465373263306264666238633732376661336463353133383765303737
34663065383932666632393761356564343532356538623836633330393034636239356538663965
64666330653430323334363837326462613065386434646463303565666239613661366636646662
38616565356636316237323839653361333038303565326635666463326433663332666536343134
38666463623734313330623962333536303438643738666637336262313333383936323861353233
31366534633630643430363937306636373336633831663136336663653039616137333133393737
66613333346666646333303035333334333866666532326233623533303966313734313362346330
65393464306361396339623639343739613435373638303734366538633137643366386462313138
33393334313565366334396264353239323465646562363535656561386137363664353633363366
32643135306338316564303764383066326566363166643362303865363431323334643231353937
36383964366262313966313639633564623066333663643466306637633938633234613739326465
39343266346565633037313431323432356135306665366238633038353238636636626263363038
64646434363236386162356536373438646165623934346239626131313361313530363136333666
33616165363863343137636236323237386635613664656233376531626661366133373139383233
34343565396565616632626164633663613062616230303263366333356264616130346331343734
33616432386638643939613733313234663262623463646433383535363638653039336430633232
31306130366366323139663336393831373736383939333934656538316362396339643837623731
63363730623537623462396361393161383562333832343731336133366534633139616537643537
62323033363764393837396232323837646533376438363537623335663334643438626532356536
37393237643361333734386330386363383837366630666330333464303265306565373635353538
63643235616237623834343635313434393465366162316465633831623366343230386639353534
30656562656636396133643230353734376331393134393635393263323263336338303463333664
33623433663934623438313862313132393230363463383063623037666631316664616137626536
65393862616631646636616234366562356430303161663366356262376236356464626163353466
33616131646634663261643635386633336361623435313335373864343732323736353636373735
31646161646334663235613936343834323831316461626234613535363130386362333534663066
33643534323264616332343730623232323161333664616338356531623430316164646131613936
63363033353032303837626537353235373161643634636138376235663434333135613663336630
62363362346339643639383566633034336531343138643933303138316630633635326332363662
34653136633330356162353233393831356630613039623964613531653464366232323230393162
31323339353664663433633566313861663335383965646133343261643064376464326136306536
62656231313334646261653939636535636632623738656662616131333132343036633836316133
34353861373766663261353264333738346666303366653035366431356662396265633563383032
35646330356132363339303430343964346366366263386238323531626462353136363937623838
36333861666537393238633833343037626263303730393033373632373638323737353565353739
33616633373636643430633830306138613533383362376139383366303031303738333533663833
66643366363139343936326539313131343332343332363930663637353137386465373365393038
37323362636132333066396531643033643439346237666230393131393234663461653132653231
63306634326436663865316331376132366538303962646332643333343937396362393139616436
37623163356534383439653261616364363263313565616662313538623635386635626135643062
31613761303839643766313263313330346336623964376130663465633037616130303035333766
39663361323063623532613630633531333933633732663330646634336635643830373735363131
31316463313162333634663966356334363239663931303932333237323731663733326465333130
38623866323538316339323731393636633261636364356233663065656664393834663939643034
38303166623837333935343138363138656661383363346564613866383537376532326435363235
33643236346131646334373366336331656564663865643731333434316438373762306339376463
34613762393632333633626266363033616364376136353761396563326531366265373530393866
31303038393866373030636435623662653237646166613034333631666537356665663862623162
61643233396664333762633761623366353265373661356331643633653362633461653261643961
35373435313339633836613561316236333935326165373034306533363061333162643839656438
32633065333838363137336635376363623965363363393236623565316132666531383563653139
66313332356362393533643562326238383566353438336236386331343730653834616531313161
66383634653032353766303937373433623166383534393366333266383964633138396430376639
62643537643639313663323336313266323066353365666563613765333739636237393764336533
35313265343233666466363536313163393637373636353230333834393230343736656362353865
34343737303730376564396161393931393466623730666136373861373038616439336139303865
38353333303330633331613836373230373031623735323564623361356365653365393735346239
64393333333135633661656132376139303937393336646537643339373738663965316364373961
38366138663239316138653062383838666638333365663835346430613562623363616136643762
32616334313562663862643938393538613732333037666563376261393962386639643532333634
61343036356331383339373530326562326133636633326639393866636234333234633963323262
39383936653232643130333564343032636536663433366331623837636565653038333061353262
34646464363832643662323963666266663831613262316166643665396130633266323465626134
34373465646564656433373032326138373963396262313564373737643966626561313966653236
36633535303539373437316436353637313661636333396138663762306431623963366662316363
31666139623530313566363830626234316537616365653034383532363835386462643662623032
64613230666661636238336162636638316133646536363162653139666438653431316364353138
63303233343936383463396430326631306265333663323037383234653066336231333835326539
38616264353234383665383535346363316165373565643362653138376332396436663239633666
34306566323765333665363433373033643263613964636565343965303335356364656633623931
37366632313937333330386463643161333333353535613934653135366666636365633265336663
37366533633232353264643366323739636362306533363563386466373530383835396634333337
32376337323837343866633832663336626465623135306337343564313132353431626133363537
36353834373831313561393635656564353537636239653339393633383165383630666236366330
31383266663365623861646235383637633366316661333162616532363561383731646165626561
31313330386331363962313837306436343866323865663439343963303339353031666233663838
65636364643834323464363961353736343537326231393636613431373265303563386431633330
64316234333635336633633163633364613362333730656236343635616461656466326436663339
32336335333331653932386135616162326165353064623064613138373565363862393837656561
33313430383539633634336438353730376562366661363233666262356362316438373031666663
65653065653138656537623866643539613739653262303739343838646564313232643664373538
34326236613165346636393032666164313730306338616362366631333130373634376634623332
30623264383264336361303538333031623763643039623461303539636666303932616638663465
34633964336438376364653930363438343562633463303036623239343234346463636637366261
39653431623663383265383530313932653938363538313464326534653536643537363666343366
32623862353538636565346438643639376363393633616238376162663630353766323530363065
63646232393462653637626365633536626264336463343339393161646139656261373466323265
62363863336362346333316631373862356531373861386238383264646462343639663931323439
64623935383731313435306665333663656634303238336264303564353735333065353933653539
33303464353332343764393531643764643266316665333332383865663638306661306266656366
65353039666336343065613164656331343232666563653561366665663637653761626361346462
30333266336138346663616339366665396337626332313733343162333736306233396539393938
66663339613561633336633366306434633765333661623230656364366562623666356463323737
34303632393663303830663434663932376630386535363533643139323934623538623666373835
37343866633433653735313130373732636264356635616236396233666331633038616463363338
36343263643962336466373263653630376431616231373434356465373364313436346533363131
65373039343762376633663532303431633164366261623934666265346636353638363561656630
66333638353832306134333863653139373763376263626134623665636562323732623338333163
31346138336433333331666631393363626530363865376666336662383934643933633737363064
34636261613736396638636433396539623935356338613735643065633664353739333566613534
38666130386365363365306236346432623462313638303537666231656461386433663031616231
32326161653230303733623335636236333561616636343439633231316437343263643038623233
36303666326336663035393239383532323237326165313936313762326362386666313062396662
36616164626439323231316138626231366536306664336238643235333432643733316461626131
30646565373963376238363830643236316336343133333133333532313038336531303332363531
66363736316437383964646530383236636566643135303832313863353232323766326639623164
30313937346435303165343834393261326137663739356335646131316132653834386431616164
33303434376634363661386435373839656364636337666633306532396235393439343763313632
35306532333838333738613935373962323330653639393562306232393836393063353630353131
37346532626561363364333765663463333435633032366464323930356339383030353963333163
63356537333334626637616133396462353365396134353430366361373330383639356661663063
37326661366136386633356639643933306432386166623836313361393931363564666131383962
63343463316363336663653333333830353131303630383538393266343637663766656235313863
34376139623930303662303565333335623831343031656436643631643262306432383665306366
37383232323739613563623436303966373835306531663637373562316331386433623862623933
30396239373033373830316331333430353432316336653764313636333438346438646433366465
61393233646532306461303831383738373663316234353637353433613830343962323162663336
63326335633836646538336136653837393661366534366635346136353165623932666531336331
66653238326566303131303863386538666234623963323732666335393563643361343532366262
63366139653436343035633035623864323366653138313930316631626130393961646633323266
65353165363639363333386266663764653966393739386136653039333938663337343835356263
32343036346332346432366336316534643337306165646362363061396466663561636565663236
33616563383866613461666331663365633637356337643935633363633031363537356164653730
31393163643132336334383832366531323234323132383237613631663535336539396462343239
31643262653738316235386636653537623462646137323331613539303365643634376466646138
63616262353039333363346666653232653439356639343266366262343866383966353161616135
33643239316138303161373764383838313633306366646333643465306462306163376638646134
61343336666534333462343366333639373138393362346539383466373861383664333265366534
62626635363833396231653664313261393966616534363632313066346661626566316132353533
64613063323265643436653430396234336235313633656335373837323234633433356662383366
61613861386539376635663932306163373037653161343936316663653931373462323631626237
36626437333039366430303630653737343134333530666436303831346236613364306666653765
31346432613461626238306262346663326162343666323466306435363631363234
